[1] "xgboost_small_pt_6.R"
[1] "Copying model file..."
[1] "Pre-processing..."
[1] "...Done!"
[1] "Running the model..."
Aggregating results
Selecting tuning parameters
Fitting nrounds = 98, max_depth = 4, eta = 0.1, gamma = 0.8, colsample_bytree = 0.5, min_child_weight = 4, subsample = 0.8 on full training set
[1] "...Done!"
eXtreme Gradient Boosting 

1508 samples
 158 predictor

No pre-processing
Resampling: Cross-Validated (10 fold) 
Summary of sample sizes: 1356, 1357, 1358, 1357, 1357, 1358, ... 
Resampling results across tuning parameters:

  nrounds  MAE     
     1     3165.676
     2     3162.522
     3     3157.234
     4     3148.922
     5     3136.498
     6     3118.903
     7     3095.018
     8     3063.808
     9     3024.657
    10     2977.215
    11     2921.111
    12     2856.546
    13     2784.659
    14     2706.219
    15     2622.282
    16     2534.014
    17     2443.319
    18     2352.029
    19     2260.998
    20     2172.071
    21     2087.647
    22     2007.240
    23     1931.472
    24     1864.736
    25     1801.663
    26     1745.589
    27     1697.642
    28     1653.014
    29     1614.961
    30     1581.901
    31     1552.874
    32     1525.609
    33     1501.018
    34     1479.778
    35     1461.478
    36     1446.543
    37     1431.644
    38     1418.359
    39     1406.345
    40     1396.441
    41     1389.204
    42     1383.687
    43     1375.953
    44     1369.411
    45     1365.711
    46     1361.446
    47     1356.280
    48     1351.691
    49     1348.456
    50     1346.317
    51     1344.701
    52     1341.521
    53     1339.997
    54     1338.685
    55     1336.893
    56     1334.388
    57     1332.895
    58     1331.383
    59     1329.712
    60     1328.992
    61     1326.423
    62     1326.440
    63     1325.927
    64     1325.467
    65     1324.692
    66     1323.482
    67     1320.915
    68     1321.168
    69     1321.146
    70     1321.092
    71     1319.796
    72     1319.130
    73     1319.411
    74     1319.435
    75     1320.150
    76     1320.344
    77     1318.848
    78     1317.995
    79     1317.609
    80     1317.711
    81     1316.701
    82     1316.760
    83     1315.638
    84     1315.503
    85     1315.519
    86     1316.249
    87     1316.136
    88     1315.940
    89     1315.840
    90     1314.515
    91     1313.841
    92     1313.684
    93     1313.786
    94     1313.156
    95     1312.727
    96     1311.891
    97     1311.351
    98     1310.891
    99     1311.315
   100     1311.472
   101     1312.013
   102     1312.725
   103     1312.518
   104     1313.061
   105     1312.412
   106     1313.158
   107     1313.916
   108     1314.081
   109     1313.971
   110     1314.483
   111     1314.421
   112     1314.233
   113     1313.955
   114     1313.464
   115     1313.102
   116     1313.568
   117     1313.219
   118     1313.250
   119     1313.296
   120     1313.909
   121     1313.495
   122     1313.656
   123     1313.343
   124     1314.484
   125     1314.498
   126     1315.094
   127     1314.771
   128     1314.167
   129     1312.910
   130     1312.245
   131     1312.609
   132     1312.050
   133     1312.601
   134     1313.175
   135     1313.542
   136     1312.633
   137     1312.598
   138     1312.167
   139     1312.439
   140     1313.427
   141     1313.292
   142     1313.930
   143     1314.530
   144     1314.441
   145     1314.701
   146     1314.147
   147     1313.944
   148     1313.459
   149     1313.315
   150     1312.593
   151     1312.444
   152     1312.921
   153     1313.280
   154     1313.455
   155     1313.644
   156     1314.109
   157     1314.867
   158     1315.102
   159     1315.165
   160     1314.907
   161     1315.534
   162     1315.384
   163     1315.742
   164     1315.967
   165     1316.771
   166     1317.020
   167     1316.884
   168     1316.516
   169     1316.934
   170     1315.959
   171     1316.726
   172     1316.570
   173     1316.785
   174     1316.774
   175     1317.016
   176     1316.853
   177     1316.935
   178     1317.019
   179     1317.047
   180     1316.557
   181     1316.926
   182     1316.822
   183     1316.991
   184     1317.339
   185     1317.679
   186     1317.305
   187     1317.363
   188     1317.187
   189     1317.142
   190     1317.040
   191     1316.328
   192     1316.347
   193     1315.902
   194     1315.584
   195     1315.752
   196     1315.910
   197     1316.071
   198     1316.134
   199     1316.466
   200     1316.278
   201     1316.393
   202     1316.692
   203     1316.658
   204     1316.527
   205     1316.821
   206     1316.513
   207     1316.606
   208     1316.641
   209     1316.905
   210     1316.780
   211     1316.422
   212     1316.429
   213     1316.282
   214     1316.029
   215     1316.410
   216     1316.178
   217     1316.922
   218     1317.343
   219     1317.212
   220     1316.809
   221     1317.054
   222     1317.318
   223     1318.018
   224     1318.800
   225     1319.366
   226     1319.520
   227     1319.274
   228     1319.665
   229     1320.116
   230     1319.498
   231     1319.461
   232     1319.312
   233     1318.964
   234     1319.223
   235     1319.315
   236     1319.232
   237     1319.736
   238     1319.891
   239     1319.598
   240     1319.908
   241     1319.653
   242     1319.086
   243     1319.162
   244     1319.546
   245     1319.473
   246     1319.525
   247     1319.990
   248     1319.752
   249     1319.408
   250     1319.583
   251     1319.912
   252     1320.014
   253     1320.094
   254     1320.216
   255     1320.024
   256     1320.100
   257     1320.270
   258     1320.108
   259     1319.932
   260     1319.801
   261     1319.780
   262     1320.068
   263     1320.387
   264     1320.079
   265     1320.050
   266     1320.530
   267     1320.359
   268     1320.384
   269     1320.287
   270     1320.461
   271     1320.394
   272     1320.899
   273     1320.614
   274     1320.417
   275     1320.894
   276     1321.287
   277     1321.377
   278     1321.969
   279     1321.693
   280     1321.148
   281     1321.650
   282     1321.073
   283     1320.704
   284     1320.626
   285     1320.778
   286     1320.726
   287     1320.750
   288     1320.593
   289     1320.796
   290     1320.484
   291     1320.488
   292     1320.817
   293     1321.059
   294     1321.151
   295     1321.176
   296     1321.278
   297     1321.360
   298     1321.481
   299     1321.251
   300     1321.035
   301     1321.070
   302     1321.333
   303     1321.401
   304     1321.085
   305     1320.820
   306     1320.314
   307     1320.668
   308     1319.912
   309     1319.725
   310     1320.294
   311     1320.642
   312     1320.817
   313     1320.839
   314     1320.515
   315     1320.586
   316     1321.096
   317     1320.768
   318     1321.008
   319     1321.012
   320     1321.193
   321     1321.176
   322     1321.373
   323     1321.361
   324     1321.350
   325     1321.334
   326     1321.109
   327     1320.856
   328     1321.070
   329     1321.088
   330     1321.309
   331     1321.287
   332     1321.408
   333     1321.621
   334     1321.461
   335     1321.319
   336     1321.328
   337     1321.225
   338     1321.342
   339     1320.732
   340     1320.903
   341     1320.947
   342     1320.825
   343     1320.704
   344     1320.948
   345     1320.871
   346     1321.148
   347     1321.355
   348     1321.082
   349     1321.366
   350     1321.942
   351     1322.354
   352     1322.638
   353     1322.799
   354     1322.692
   355     1322.689
   356     1322.925
   357     1322.971
   358     1323.109
   359     1323.114
   360     1322.900
   361     1322.844
   362     1322.800
   363     1322.815
   364     1322.699
   365     1322.797
   366     1322.616
   367     1322.764
   368     1322.821
   369     1322.990
   370     1322.935
   371     1323.376
   372     1323.195
   373     1323.189
   374     1323.125
   375     1323.186
   376     1323.081
   377     1322.907
   378     1322.923
   379     1322.886
   380     1322.761
   381     1322.968
   382     1323.273
   383     1323.344
   384     1323.062
   385     1322.845
   386     1322.891
   387     1323.038
   388     1322.810
   389     1322.532
   390     1322.450
   391     1322.371
   392     1321.988
   393     1321.814
   394     1321.827
   395     1321.866
   396     1321.863
   397     1321.809
   398     1321.753
   399     1321.499
   400     1321.255
   401     1321.345
   402     1321.278
   403     1321.141
   404     1321.063
   405     1321.061
   406     1320.473
   407     1320.472
   408     1320.380
   409     1320.442
   410     1320.787
   411     1320.945
   412     1320.998
   413     1320.609
   414     1320.818
   415     1320.730
   416     1320.587
   417     1320.562
   418     1320.388
   419     1320.425
   420     1320.376
   421     1320.403
   422     1320.456
   423     1320.717
   424     1321.061
   425     1321.111
   426     1321.252
   427     1321.430
   428     1321.515
   429     1321.438
   430     1321.515
   431     1321.411
   432     1321.563
   433     1321.534
   434     1321.645
   435     1321.924
   436     1322.031
   437     1322.411
   438     1322.360
   439     1322.635
   440     1322.694
   441     1323.195
   442     1322.986
   443     1322.582
   444     1322.408
   445     1322.471
   446     1322.363
   447     1322.366
   448     1322.325
   449     1322.320
   450     1322.643
   451     1322.683
   452     1322.676
   453     1322.618
   454     1322.580
   455     1322.612
   456     1322.373
   457     1322.565
   458     1322.609
   459     1322.714
   460     1322.581
   461     1322.596
   462     1322.469
   463     1322.372
   464     1322.377
   465     1322.239
   466     1322.326
   467     1322.241
   468     1322.238
   469     1322.244
   470     1322.017
   471     1322.033
   472     1322.100
   473     1322.068
   474     1322.029
   475     1322.039
   476     1322.175
   477     1322.195
   478     1322.114
   479     1322.202
   480     1322.221
   481     1322.530
   482     1322.396
   483     1322.372
   484     1322.525
   485     1322.571
   486     1322.362
   487     1322.584
   488     1322.702
   489     1322.592
   490     1322.776
   491     1322.942
   492     1323.038
   493     1322.895
   494     1322.913
   495     1323.027
   496     1323.186
   497     1323.203
   498     1323.245
   499     1323.026
   500     1323.066
   501     1322.888
   502     1322.792
   503     1322.658
   504     1322.498
   505     1322.510
   506     1322.176
   507     1322.275
   508     1322.538
   509     1322.418
   510     1322.356
   511     1322.447
   512     1322.430
   513     1322.689
   514     1322.725
   515     1322.864
   516     1322.923
   517     1322.992
   518     1322.857
   519     1322.829
   520     1322.827
   521     1322.564
   522     1322.439
   523     1322.524
   524     1322.407
   525     1322.157
   526     1321.837
   527     1321.595
   528     1321.565
   529     1321.775
   530     1321.474
   531     1321.531
   532     1321.574
   533     1321.599
   534     1321.651
   535     1321.965
   536     1321.950
   537     1322.259
   538     1322.023
   539     1321.883
   540     1321.940
   541     1321.915
   542     1321.850
   543     1321.618
   544     1321.480
   545     1321.622
   546     1321.607
   547     1321.625
   548     1321.444
   549     1321.858
   550     1322.029
   551     1322.089
   552     1322.294
   553     1322.266
   554     1322.479
   555     1322.351
   556     1321.861
   557     1321.857
   558     1321.904
   559     1321.870
   560     1321.869
   561     1321.971
   562     1322.176
   563     1322.044
   564     1322.235
   565     1322.508
   566     1322.726
   567     1322.757
   568     1322.536
   569     1322.615
   570     1322.584
   571     1322.577
   572     1322.732
   573     1322.824
   574     1322.754
   575     1322.692
   576     1322.938
   577     1323.009
   578     1322.880
   579     1322.960
   580     1323.203
   581     1322.987
   582     1322.865
   583     1322.728
   584     1322.573
   585     1322.325
   586     1322.328
   587     1322.485
   588     1322.345
   589     1322.261
   590     1322.273
   591     1322.406
   592     1322.382
   593     1322.530
   594     1322.714
   595     1322.705
   596     1323.069
   597     1323.098
   598     1323.115
   599     1323.145
   600     1323.141
   601     1323.164
   602     1323.173
   603     1323.190
   604     1323.232
   605     1323.538
   606     1323.524
   607     1323.560
   608     1323.453
   609     1323.470
   610     1323.401
   611     1323.475
   612     1323.374
   613     1323.271
   614     1323.257
   615     1323.334
   616     1323.139
   617     1323.190
   618     1323.165
   619     1323.054
   620     1322.885
   621     1322.883
   622     1323.180
   623     1323.247
   624     1323.185
   625     1323.149
   626     1323.147
   627     1323.110
   628     1323.590
   629     1323.874
   630     1323.921
   631     1323.689
   632     1323.373
   633     1323.257
   634     1323.003
   635     1322.995
   636     1323.033
   637     1323.119
   638     1323.175
   639     1323.061
   640     1323.288
   641     1323.110
   642     1323.139
   643     1322.826
   644     1322.466
   645     1322.532
   646     1322.462
   647     1322.449
   648     1322.415
   649     1322.385
   650     1322.264
   651     1322.203
   652     1322.420
   653     1322.470
   654     1322.402
   655     1322.426
   656     1322.322
   657     1322.446
   658     1322.481
   659     1322.597
   660     1322.580
   661     1322.640
   662     1322.584
   663     1322.602
   664     1322.500
   665     1322.476
   666     1322.439
   667     1322.455
   668     1322.508
   669     1322.467
   670     1322.435
   671     1322.392
   672     1322.389
   673     1322.457
   674     1322.538
   675     1322.593
   676     1322.626
   677     1322.665
   678     1322.675
   679     1322.664
   680     1322.690
   681     1322.821
   682     1322.780
   683     1322.809
   684     1322.767
   685     1322.917
   686     1322.860
   687     1322.846
   688     1322.891
   689     1322.745
   690     1322.812
   691     1322.868
   692     1322.834
   693     1322.842
   694     1322.857
   695     1322.681
   696     1322.708
   697     1322.759
   698     1322.706
   699     1322.608
   700     1323.016
   701     1323.128
   702     1323.117
   703     1322.924
   704     1322.916
   705     1322.992
   706     1323.151
   707     1323.215
   708     1322.579
   709     1322.569
   710     1322.607
   711     1322.665
   712     1322.827
   713     1322.925
   714     1322.931
   715     1323.141
   716     1323.198
   717     1322.681
   718     1322.675
   719     1322.410
   720     1322.549
   721     1322.534
   722     1322.540
   723     1322.566
   724     1322.565
   725     1322.516
   726     1322.494
   727     1322.495
   728     1322.783
   729     1322.562
   730     1322.538
   731     1322.557
   732     1322.360
   733     1322.609
   734     1322.838
   735     1322.830
   736     1322.896
   737     1322.904
   738     1322.895
   739     1322.826
   740     1322.620
   741     1322.657
   742     1322.628
   743     1322.748
   744     1322.700
   745     1322.853
   746     1322.812
   747     1322.796
   748     1322.805
   749     1322.845
   750     1322.850
   751     1322.681
   752     1322.588
   753     1322.763
   754     1322.942
   755     1323.101
   756     1323.092
   757     1323.052
   758     1323.023
   759     1322.927
   760     1322.940
   761     1322.833
   762     1322.869
   763     1322.781
   764     1322.784
   765     1322.809
   766     1322.828
   767     1322.749
   768     1322.784
   769     1322.906
   770     1322.928
   771     1323.095
   772     1323.048
   773     1323.068
   774     1323.120
   775     1323.181
   776     1323.200
   777     1323.200
   778     1323.188
   779     1323.142
   780     1322.989
   781     1323.078
   782     1323.150
   783     1323.230
   784     1323.253
   785     1323.168
   786     1323.135
   787     1322.940
   788     1322.973
   789     1322.651
   790     1322.616
   791     1322.689
   792     1322.598
   793     1322.560
   794     1322.522
   795     1322.497
   796     1322.474
   797     1322.496
   798     1322.390
   799     1322.426
   800     1322.434
   801     1322.617
   802     1322.731
   803     1322.775
   804     1322.951
   805     1323.106
   806     1323.136
   807     1323.032
   808     1323.050
   809     1322.957
   810     1322.936
   811     1322.815
   812     1322.815
   813     1323.138
   814     1323.130
   815     1323.073
   816     1323.163
   817     1323.463
   818     1323.441
   819     1323.435
   820     1323.613
   821     1323.625
   822     1323.492
   823     1323.613
   824     1323.289
   825     1323.306
   826     1323.303
   827     1323.288
   828     1323.185
   829     1323.214
   830     1323.045
   831     1323.080
   832     1323.034
   833     1322.961
   834     1323.002
   835     1323.312
   836     1323.338
   837     1323.350
   838     1323.443
   839     1323.484
   840     1323.129
   841     1323.141
   842     1323.319
   843     1323.297
   844     1323.367
   845     1323.317
   846     1323.348
   847     1323.390
   848     1323.186
   849     1323.082
   850     1323.080
   851     1323.065
   852     1323.095
   853     1323.130
   854     1323.277
   855     1323.291
   856     1323.064
   857     1323.122
   858     1323.124
   859     1323.091
   860     1323.165
   861     1323.255
   862     1323.367
   863     1323.149
   864     1323.113
   865     1323.084
   866     1323.081
   867     1323.040
   868     1323.066
   869     1323.231
   870     1323.238
   871     1323.248
   872     1323.383
   873     1323.437
   874     1323.354
   875     1323.290
   876     1323.106
   877     1322.925
   878     1322.886
   879     1322.835
   880     1322.953
   881     1322.933
   882     1322.898
   883     1322.936
   884     1322.943
   885     1322.962
   886     1323.021
   887     1323.071
   888     1323.070
   889     1323.026
   890     1322.980
   891     1322.966
   892     1322.970
   893     1322.995
   894     1322.993
   895     1322.974
   896     1322.864
   897     1322.744
   898     1322.699
   899     1322.614
   900     1322.656
   901     1322.647
   902     1322.632
   903     1322.718
   904     1322.577
   905     1322.563
   906     1322.335
   907     1322.355
   908     1322.598
   909     1322.623
   910     1322.555
   911     1322.591
   912     1322.574
   913     1322.549
   914     1322.620
   915     1322.564
   916     1322.609
   917     1322.492
   918     1322.481
   919     1322.456
   920     1322.422
   921     1322.523
   922     1322.462
   923     1322.499
   924     1322.584
   925     1322.532
   926     1322.570
   927     1322.534
   928     1322.446
   929     1322.538
   930     1322.501
   931     1322.474
   932     1322.567
   933     1322.592
   934     1322.602
   935     1322.611
   936     1322.603
   937     1322.654
   938     1322.674
   939     1322.665
   940     1322.881
   941     1322.957
   942     1323.100
   943     1323.100
   944     1323.076
   945     1323.079
   946     1323.076
   947     1323.085
   948     1323.145
   949     1323.174
   950     1323.485
   951     1323.667
   952     1323.687
   953     1323.706
   954     1323.737
   955     1323.726
   956     1323.775
   957     1323.768
   958     1323.735
   959     1323.732
   960     1323.780
   961     1323.785
   962     1323.738
   963     1323.758
   964     1323.808
   965     1323.971
   966     1323.936
   967     1323.828
   968     1323.899
   969     1323.605
   970     1323.659
   971     1323.762
   972     1323.835
   973     1323.973
   974     1323.965
   975     1323.897
   976     1323.901
   977     1323.907
   978     1323.917
   979     1323.768
   980     1323.693
   981     1323.754
   982     1323.543
   983     1323.522
   984     1323.463
   985     1323.627
   986     1323.658
   987     1323.663
   988     1323.678
   989     1323.684
   990     1323.663
   991     1323.649
   992     1323.637
   993     1323.694
   994     1323.676
   995     1323.782
   996     1323.762
   997     1324.010
   998     1323.949
   999     1323.931
  1000     1323.918

Tuning parameter 'max_depth' was held constant at a value of 4
Tuning

Tuning parameter 'min_child_weight' was held constant at a value of 4

Tuning parameter 'subsample' was held constant at a value of 0.8
MAE was used to select the optimal model using  the smallest value.
The final values used for the model were nrounds = 98, max_depth = 4, eta
 = 0.1, gamma = 0.8, colsample_bytree = 0.5, min_child_weight = 4 and
 subsample = 0.8. 
[1] "Estimated RMSE:"
        RMSE     Rsquared 
2200.4351363    0.4803445 
[1] "Estimated MAE:"
[1] 1286.558
[1] "Best Parameters:"
   nrounds max_depth eta gamma colsample_bytree min_child_weight subsample
98      98         4 0.1   0.8              0.5                4       0.8
[1] "Run time:"
   user  system elapsed 
  7.233   1.409  77.926 
